.Random.seed <-
c(403L, 10L, 1201732389L, -826865089L, 1124045254L, 1913931344L, 
1448221299L, -1127981423L, -1735047488L, -843239266L, 2096798825L, 
1405806747L, 1888233898L, 554701260L, 1876901007L, -246303547L, 
-1436855172L, 315640018L, 1155737677L, -1183391481L, -2055621394L, 
-629056056L, 389407435L, -616092887L, -817132680L, -869191514L, 
-1556665663L, 1517337427L, -1414821886L, -86612684L, -268833097L, 
354759341L, -821165116L, -773338134L, 703050837L, -1602385425L, 
1244353014L, 2024458016L, 271800547L, -403624575L, 881937392L, 
-1906855282L, -2025527815L, -1837222005L, -1212038214L, -1343350084L, 
-2054426113L, -1906417835L, -341870484L, 1408437442L, 37103389L, 
-27861609L, 2109127934L, 274687672L, -481412965L, 1476802297L, 
407377992L, 934415222L, 1489538737L, 1156128483L, -2005086798L, 
1431434756L, -1353708217L, -2137700323L, -1179595116L, 1839105594L, 
-228374395L, -282280609L, 2072368614L, 1569049712L, -1602383981L, 
630351921L, 814212832L, 382062462L, 1107543561L, 1221504571L, 
210718730L, 461336556L, -409697169L, 107682725L, -1466893476L, 
84666162L, 429536813L, -2071069465L, -312111602L, -1788447768L, 
390278635L, -125405559L, -236993000L, 125766982L, 743107489L, 
979519027L, -182871134L, -960934252L, -337851113L, -536290547L, 
99772964L, -183168502L, -1610380427L, -1361473841L, 1780613590L, 
-673436288L, 1374201283L, -1228438687L, -1421805104L, -724348626L, 
-280233767L, -515575061L, -2146885798L, 502057244L, -62472161L, 
1097051253L, 1277884684L, -176106270L, -1612776003L, 274868791L, 
1750210782L, -588786664L, -1992987781L, 1600781081L, 1491511208L, 
-1815713962L, 1218068433L, 1276418947L, -715203054L, -1739048540L, 
-1231839897L, -228236611L, 1811817012L, -1827464806L, 1421657573L, 
-873856641L, 650635526L, -2122894704L, -951495885L, -761394991L, 
1573022336L, 314375006L, -1322694487L, -1568568485L, 1136892266L, 
848530444L, 1836067919L, 1352301829L, -1757971012L, 1107482770L, 
1302199181L, 922172359L, 548233390L, -29183736L, -961908981L, 
2101565929L, 1456594616L, 1169770854L, -1385297407L, -553548653L, 
-957882558L, -1134964492L, 777424119L, 1982924013L, -1811253372L, 
2064026026L, 1803071253L, -1766281809L, 103724470L, 1447537632L, 
-2060213469L, 1491092545L, -1089382608L, -1112943282L, -343418951L, 
1270321611L, 1064538746L, 1658705788L, 529209279L, -176725867L, 
889351852L, -1745806206L, 1089645661L, 1920660311L, 1849167422L, 
1521762936L, -1642024613L, -426614599L, 1004302600L, 1011844022L, 
-2057944847L, 274085667L, 692113778L, 739828676L, 417238919L, 
36238685L, 998812500L, 706859386L, 46488773L, -1523401185L, -582641242L, 
1261230896L, 1564457427L, 950616049L, -1347122912L, 141408190L, 
1342330825L, -1010698373L, -1216467638L, -991475284L, -790158161L, 
926260837L, -470317540L, -24029070L, 2017238765L, 1995768615L, 
-1422221490L, 2040895400L, 1241818027L, -1460363063L, -477484840L, 
1579193734L, -1374876575L, 1428061683L, -454165406L, 1582316244L, 
-2116711465L, -993607219L, 424891748L, 533995850L, 948455605L, 
1935204367L, -748365546L, -1110497004L, -234234046L, -1328386304L, 
233051068L, -1293458608L, -486715614L, 718386504L, -1016467956L, 
-1415083940L, 722833618L, -170091008L, 1396990292L, -1321570840L, 
-1090704390L, 63134928L, 1734695212L, -670247180L, -17982062L, 
622481504L, -1743948532L, -1624257824L, -1378202270L, 918848168L, 
-1508554164L, 1851905404L, 847292722L, 959290480L, -560837820L, 
1502970328L, 670475386L, 518587952L, -1732967748L, -1003121836L, 
-1528963006L, -799241824L, 360052412L, -874492464L, -255046302L, 
-1217599512L, -1412292660L, 492192508L, -1265924622L, 1904245888L, 
-1126434572L, 1550359176L, -588207302L, 1046845264L, 1596709484L, 
-1207555948L, -349585070L, -1397029152L, 671717068L, 1108277408L, 
681883522L, -177256728L, 1347419884L, -1599061956L, 2134427250L, 
1995355248L, 1226242596L, 2063263800L, -1318227942L, 907822800L, 
492977212L, 582139028L, -546985854L, -722280512L, 105195836L, 
320685712L, 1478762530L, -583206904L, 389487756L, -484281316L, 
1476962962L, -1796165504L, 277496852L, 1276901672L, 799275578L, 
996734160L, 1054348396L, -1612632396L, -1277024238L, 1396688864L, 
-131275828L, -798958112L, -1555807710L, 588033320L, 39240972L, 
-1129742788L, 1024585970L, 1654853360L, -257650876L, 682606168L, 
-1584223686L, -1923502352L, -708767556L, 1771328020L, -14854974L, 
-521604000L, -497197700L, -1803530032L, -1800911838L, 1974189736L, 
-2011495540L, 2105355708L, -258433998L, 889153344L, 1343390900L, 
158582600L, 1176881850L, -1740267760L, -313344788L, 1895973972L, 
303795986L, -55855200L, -1800088628L, 2039141216L, 1688306882L, 
-871786968L, -1231710804L, -1961309380L, 108345202L, 1051121456L, 
-1502841308L, 687211576L, -1788665638L, -1589643888L, -1458062596L, 
-1730317420L, -889866430L, -2027135488L, -1669601732L, 1627318864L, 
-290728286L, -1792335032L, 370070028L, 1345829084L, -1455064494L, 
-2026876800L, 841927508L, -1880029720L, 1407844090L, 1795976016L, 
302181420L, -1828673164L, 1734325906L, -102846880L, -669063540L, 
1615140704L, 1203911394L, -1049120600L, 126958796L, 1248813564L, 
-1775878222L, 194898416L, -894474812L, -928203944L, 1001828218L, 
1777391024L, 1220285884L, -1342045100L, -891484222L, -1906833632L, 
2080947132L, 1773917776L, 2134165986L, 403723624L, -1544188596L, 
719582460L, 1841044210L, -1091419392L, 1665388148L, -1385901048L, 
-1444193862L, -1120209968L, -1267186196L, -1643171948L, 1953660626L, 
-423712160L, 15088972L, 76644640L, -2127905150L, -1302776344L, 
387765228L, 1635457596L, 1577571954L, -1323570320L, 885526820L, 
-279846344L, 71457178L, -1736872496L, 822099388L, -1002748780L, 
-1567618942L, 325197248L, 538509116L, -1500090224L, 280947490L, 
1393236488L, 1813997836L, -1426605668L, -839005678L, 481435520L, 
-521434348L, 1329385768L, 1077483578L, 1153850320L, -720859540L, 
-249966028L, 1884333714L, 1408683360L, 1417996620L, -2061229088L, 
-1848749662L, 962746792L, 1486886540L, 1235209660L, 1064460914L, 
1749715952L, 1283404356L, 594808920L, -1942125510L, -102730640L, 
1286779964L, -1246604012L, 532298434L, 1543436000L, -563665240L, 
219957777L, -719725821L, -995430908L, -1790517710L, 191979143L, 
1563603665L, 363430998L, -1697461196L, -1579929787L, -1462962801L, 
-1922583288L, -412629210L, 847882195L, 1128827189L, -506068846L, 
-2051440544L, 1909126601L, 1875496187L, 1174831820L, -797718694L, 
1945211471L, 1120335641L, 79610158L, 1763517244L, -430282579L, 
195619671L, 1955503776L, 1277237246L, -576962869L, 1658523853L, 
402256890L, -1985789896L, 1614453217L, -2055533L, -9541452L, 
-982206014L, 1484431831L, -1410920927L, 1382598118L, 873848036L, 
902292501L, 1332974655L, 288447448L, 1952992758L, 786689539L, 
413305157L, -1909699230L, -1728303408L, 317524473L, -218769109L, 
-682581348L, 362744010L, -1999576641L, -221272823L, -1576098274L, 
-208208948L, -279979619L, 1891365927L, -1228817840L, 197986030L, 
128245659L, 494939645L, -1937075990L, 2053034888L, 544767281L, 
-297278045L, -298561116L, 115721298L, -129359961L, -419554319L, 
-1432182986L, -473842732L, -691891867L, -1477292689L, -138702936L, 
1991550214L, -1260229581L, 1225493141L, -1031128334L, -1103453376L, 
974162089L, 138902811L, 2097359596L, -1766918406L, 1814964015L, 
1692387129L, -1310607026L, -114219108L, -1254775539L, 1326821239L, 
727059328L, 1672683998L, 17929899L, -93029971L, 399216154L, 1107341528L, 
1050418497L, -1050012173L, 1736700948L, -990365278L, 2056900279L, 
783829121L, 968261766L, 1589441732L, 2049839605L, 1098304607L, 
-2129154376L, 2011627414L, -1257065053L, -1171691163L, 610287746L, 
810002928L, -1264083047L, -1397319285L, 492651644L, 1664511658L, 
-1053292321L, -785408407L, 566086782L, -299563924L, -1708419907L, 
1230196103L, 1549527408L, 913878030L, 311877947L, -1043485155L, 
2086236874L, -106865176L, 1588888273L, -472023357L, 838301124L, 
104743538L, 1330723655L, -752876783L, -1998582122L, 1669202932L, 
2080255365L, -270294833L, -1910765112L, -164665242L, -1696940397L, 
283373045L, -1539280942L, -2061136864L, -1112592887L, -908683461L, 
